204309
284551
281020
277270
277457
281946
284998
282546
217838
285164
283395
285210
272055
281951
284536
281842
281727
282847
272046
266716
285162
165321
76842
279515
282801
241650
285163
266715
282588
283046
284624
268014
282509
277175
282785
266708
277635
277424
258329
285122
246437
260449
285206
285211
283044
284055
274477
250793
270984
271704
283643
79889
283497
279221
271439
283564
282664
284391
272204
285209
202604
275703
269542
282856
285138
284531
282982
284534
284613
284544
273179
280335
266534
281196
284532
284577
283078
261384
282566
276694
278941
276843
271565
270697
281300
275170
258086
269506
284822
282510
285192
284196
284610
285196
129581
285190
256326
281046
282340
285207
244780
282311
133662
254925
281861
282980
273155
285013
277615
282718
212311
283330
282386
283113
284566
271581
283060
285191
282522
284526
285036
281587
282164
282793
282387
285205
284543
285215
282703
72270
284396
284527
282521
275026
285107
285208
266969
284528
282810
284545
274716
273335
280497
278798
262745
271042
274021
285214
278260
285114
284510
282287
277076
284533
284512
253571
275405
282545
284530
281725
281384
280165
281179
282722
281957
268867
283495
201458
284535
276265
138791
126132
271851
282924
284961
263183
267812
284497
280049
284325
283203
285117
285132
282741
282809
256142
273725
284265
76388
227569
250052
284539
284788
266705
137655
279865
251618
274039
106948
282547
281952
277626
271412
282417
282665
283148
284542
282492
283037
275122
283316
284529
276363
284835
272656
277117
281656
282620
218029
244890
282363
271086
281921
284459
284984
283410
285218
280167
284931
284525
262394
276266
284665
283063
243546
285217
281482
264411
284541
279701
274600
280822
280800
282489
267690
284595
280168
264103
281024
278851
270004
282284
285216
275826
278291
229902
282498
281959
284611
284568
274038
266714
284378
285055
278591
258042
